# Example 1 - DENSE UNIFORM RANDOM (common, the average case)
# 100 nodes in 100x100, Rmax 22. The realistic scenario; avg degree
# should drop from ~15-20 (full power) to ~6 after CBTC.
100 22
63.943 2.501
27.503 22.321
73.647 67.670
89.218 8.694
42.192 2.980
21.864 50.536
2.654 19.884
64.988 54.494
22.044 58.927
80.943 0.650
80.582 69.814
34.025 15.548
95.721 33.659
9.275 9.672
84.749 60.373
80.713 72.973
53.623 97.312
37.853 55.204
82.940 61.852
86.171 57.735
70.457 4.582
22.790 28.939
7.979 23.279
10.100 27.797
63.568 36.483
37.018 20.951
26.698 93.665
64.804 60.913
17.114 72.913
16.340 37.946
98.952 64.000
55.695 68.461
84.285 77.600
22.905 3.210
31.545 26.774
21.098 94.291
87.637 31.468
65.544 39.563
91.455 45.885
26.488 24.663
56.137 26.274
58.459 89.782
39.940 21.932
99.754 50.953
9.091 4.712
10.965 62.745
79.208 42.216
6.353 38.162
99.612 52.911
97.108 86.078
1.148 72.072
68.171 53.697
26.683 64.096
11.155 43.477
45.372 95.382
87.585 26.339
50.059 17.865
91.263 87.052
29.844 63.895
60.897 15.284
76.251 53.938
77.863 53.035
0.057 32.416
1.948 92.910
87.872 83.167
30.751 5.793
87.801 94.695
8.565 48.599
6.921 76.060
76.583 12.839
47.528 54.980
26.506 87.243
42.314 21.180
53.930 72.993
20.115 31.172
99.515 64.988
43.810 51.758
12.100 22.470
33.809 58.831
23.011 22.022
7.099 63.110
22.894 90.542
85.964 7.086
23.800 66.898
21.424 13.231
93.551 57.104
47.267 78.462
80.750 19.041
9.693 43.105
42.358 46.702
72.908 67.336
98.417 9.842
40.262 33.930
86.167 24.866
19.021 44.861
42.188 27.855
24.981 92.327
44.313 86.135
55.033 5.059
99.928 83.603
